7 0.821875 0.13281250000000008 0.7265625 0.13281250000000008 0.7265625 0.34843750000000007 0.821875 0.34843750000000007
7 0.56875 0.27812500000000007 0.5203125 0.27812500000000007 0.5203125 0.31718750000000007 0.56875 0.31718750000000007
7 0.2812500000000001 0.375 0.2234375000000001 0.375 0.2234375000000001 0.4359375 0.2812500000000001 0.4359375
7 0.609375 0.66875 0.56875 0.66875 0.56875 0.7109375 0.609375 0.7109375
7 0.8109375 0.10156250000000008 0.775 0.10156250000000008 0.775 0.13437500000000008 0.8109375 0.13437500000000008
7 0.4703125 0.428125 0.4296875 0.428125 0.4296875 0.4984375 0.4703125 0.4984375
1 0.37031250000000004 0.26875000000000004 0.025000000000000033 0.26875 0.02500000000000006 0.684375 0.3703125000000001 0.684375
1 0.6125 0.2406250000000001 0.4125 0.2406250000000001 0.4125 0.5296875 0.6125 0.5296875
1 0.8171875 0.12031250000000007 0.540625 0.12031250000000004 0.540625 0.4156250000000001 0.8171875 0.4156250000000002
1 0.8484375 0.014062500000000094 0.6984375 0.014062500000000084 0.6984375 0.16562500000000008 0.8484375 0.16562500000000008
1 0.703125 0.028125000000000074 0.4375 0.028125000000000056 0.4375 0.17656250000000007 0.703125 0.1765625000000001
1 0.9953125 1.1136631829746244e-16 0.8234375 1.0084200986728987e-16 0.8234375 0.2734375000000001 0.9953125 0.2734375000000001
1 0.6203125 0.63125 0.4234375 0.63125 0.4234375000000001 0.8171875 0.6203125000000002 0.8171875
1 0.9625 0.8140625 0.8421875 0.8140625 0.8421875 0.9625 0.9625 0.9625