7 0.2968750000000001 0.6171875 0.2015625000000001 0.6171875 0.2015625000000001 0.834375 0.2968750000000001 0.834375
7 0.5 0.64375 0.45 0.64375 0.45 0.6828125 0.5 0.6828125
7 0.7875 0.5171875000000001 0.728125 0.5171875000000001 0.728125 0.5796875000000001 0.7875 0.5796875000000001
7 0.4171875 0.2515625000000001 0.3765625 0.2515625000000001 0.3765625 0.29375000000000007 0.4171875 0.29375000000000007
7 0.2593750000000001 0.83125 0.2234375000000001 0.83125 0.2234375000000001 0.865625 0.2593750000000001 0.865625
7 0.5765625 0.459375 0.534375 0.459375 0.534375 0.5296875 0.5765625 0.5296875
1 0.9796875 0.2640625000000001 0.6328125 0.2640625000000001 0.6328125 0.6875000000000001 0.9796875 0.6875000000000002
1 0.6 0.428125 0.3984375000000001 0.428125 0.3984375000000001 0.7203125 0.6 0.7203125
1 0.4828125000000001 0.5453125 0.20312500000000008 0.5453125 0.20312500000000008 0.846875 0.4828125000000002 0.846875
1 0.3390625000000001 0.7984375 0.18750000000000008 0.7984375 0.1875000000000001 0.953125 0.3390625000000001 0.953125
1 0.5984375000000002 0.78125 0.33281250000000007 0.78125 0.33281250000000007 0.9359375 0.5984375000000002 0.9359375
1 0.21093750000000008 0.6921875 0.03750000000000009 0.6921875 0.0375000000000001 0.9984375 0.21093750000000008 0.9984375
1 0.5578125 0.14062500000000006 0.3609375 0.14062500000000006 0.3609375 0.33125000000000004 0.5578125 0.3312500000000001
1 0.125 0.006250000000000008 0.0031250000000000015 0.00625 0.0031250000000000106 0.15625 0.125 0.15625