7 0.3703125 0.17187500000000003 0.15625 0.171875 0.15625000000000003 0.25781250000000006 0.3703125 0.2578125000000001
7 0.33281250000000007 0.4203125 0.29375000000000007 0.4203125 0.29375000000000007 0.4671875 0.33281250000000007 0.4671875
7 0.44218750000000007 0.703125 0.3843750000000001 0.703125 0.3843750000000001 0.759375 0.4421875000000002 0.759375
7 0.728125 0.36406250000000007 0.6875 0.36406250000000007 0.6875 0.40312500000000007 0.728125 0.4031250000000002
7 0.15781250000000005 0.184375 0.12500000000000006 0.184375 0.12500000000000006 0.21875 0.15781250000000005 0.21875
7 0.5109375 0.5109375 0.44375 0.5109375 0.44375 0.55 0.5109375 0.55
1 0.6859375000000001 0.61875 0.2796875000000001 0.61875 0.2796875000000001 0.946875 0.6859375000000002 0.946875
1 0.5421875 0.37812500000000004 0.2593750000000001 0.378125 0.2593750000000001 0.5640625 0.5421875 0.5640625
1 0.43125 0.1765625 0.1453125 0.1765625 0.1453125 0.4421875 0.43125 0.4421875
1 0.18593750000000003 0.15000000000000002 0.03906250000000002 0.15 0.03906250000000003 0.29375 0.18593750000000003 0.29375
1 0.18906250000000008 0.2953125 0.048437500000000036 0.2953125 0.04843750000000005 0.5546875 0.18906250000000008 0.5546875
1 0.2984375 0.004687500000000018 0.0015625000000000007 0.0046875 0.0015625000000000105 0.16406250000000003 0.2984375 0.16406250000000006
1 0.83125 0.3531250000000001 0.65 0.3531250000000001 0.65 0.5421875 0.83125 0.5421875000000002
1 0.9875 0.0031250000000001116 0.84375 0.0031250000000001025 0.84375 0.1187500000000001 0.9875 0.11875000000000013