7 0.3484375 0.18593750000000003 0.278125 0.18593750000000003 0.278125 0.3359375 0.3484375 0.3359375
7 0.2562500000000001 0.465625 0.15937500000000004 0.465625 0.15937500000000007 0.6078125 0.2562500000000001 0.6078125
7 0.4421875 0.5859375 0.3203125000000001 0.5859375 0.3203125000000001 0.671875 0.4421875 0.671875
7 0.5078125 0.546875 0.43125 0.546875 0.43125 0.6765625 0.5078125 0.6765625
7 0.4984375000000001 0.690625 0.4046875 0.690625 0.4046875000000001 0.8265625 0.4984375000000002 0.8265625
0 0.3328125 0.2703125 0.284375 0.2703125 0.284375 0.30625 0.3328125 0.30625
0 0.2390625000000001 0.45625 0.17187500000000006 0.45625 0.17187500000000006 0.503125 0.2390625000000001 0.503125
0 0.39531250000000007 0.59375 0.34062500000000007 0.59375 0.34062500000000007 0.6296875 0.39531250000000007 0.6296875
0 0.4812500000000002 0.771875 0.4281250000000002 0.771875 0.4281250000000002 0.821875 0.4812500000000002 0.821875
0 0.4984375 0.55 0.43125 0.55 0.43125 0.596875 0.4984375 0.596875
4 0.5 0.590625 0.475 0.590625 0.475 0.6203125 0.5 0.6203125
4 0.34375 0.203125 0.3125 0.203125 0.3125 0.23125 0.34375 0.23125
4 0.2406250000000001 0.5046875 0.21250000000000008 0.5046875 0.21250000000000008 0.5390625 0.2406250000000001 0.5390625