1 1 0.1671875000000001 0.6734375 0.1671875000000001 0.6734375 0.6203125 1 0.6203125000000002
1 0.6484375 0.2875000000000001 0.496875 0.2875000000000001 0.496875 0.565625 0.6484375 0.565625
1 0.459375 0.440625 0.3781250000000001 0.440625 0.3781250000000001 0.5609375 0.459375 0.5609375
1 0.3828125000000001 0.4453125 0.34843750000000007 0.4453125 0.34843750000000007 0.55 0.3828125000000001 0.55
1 0.3421875000000001 0.4859375 0.2796875000000001 0.4859375 0.2796875000000001 0.54375 0.3421875000000001 0.54375
2 0.871875 0.7468750000000001 0.5046875000000002 0.746875 0.5046875000000002 0.9703125 0.871875 0.9703125
2 0.9078125 7.912366428866103e-17 0.384375 4.7072361342226394e-17 0.384375 0.20468750000000008 0.9078125 0.20468750000000008
1 0.19531250000000003 0.17500000000000002 0.09687500000000002 0.175 0.09687500000000003 0.4078125 0.19531250000000006 0.4078125
3 0.4203125 0.17968750000000006 0.234375 0.17968750000000006 0.23437500000000006 0.38125000000000003 0.4203125 0.3812500000000001
3 0.3765625 3.760048375507108e-17 0.2375 2.9085361479749636e-17 0.2375 0.17187500000000006 0.3765625 0.17187500000000006
3 0.40937500000000016 0.8625 0.30937500000000007 0.8625 0.30937500000000007 0.98125 0.40937500000000016 0.98125