7 0.3203125000000001 0.6609375 0.1687500000000001 0.6609375 0.1687500000000001 0.7375 0.3203125000000001 0.7375
7 0.5906250000000002 0.765625 0.44531250000000017 0.765625 0.44531250000000017 0.86875 0.5906250000000002 0.86875
7 0.659375 0.584375 0.5703125 0.584375 0.5703125 0.7109375 0.659375 0.7109375
7 0.665625 0.5171875 0.534375 0.5171875 0.534375 0.6 0.665625 0.6
7 0.8140625 0.534375 0.678125 0.534375 0.678125 0.6343750000000001 0.8140625 0.6343750000000001
0 0.2921875000000001 0.6796875 0.2531250000000001 0.6796875 0.2531250000000001 0.73125 0.2921875000000001 0.73125
0 0.48437500000000017 0.7828125 0.4359375000000002 0.7828125 0.4359375000000002 0.8515625 0.48437500000000017 0.8515625
0 0.6171875 0.63125 0.578125 0.63125 0.578125 0.6890625 0.6171875 0.6890625
0 0.809375 0.5546875000000002 0.7578125 0.5546875000000002 0.7578125 0.6093750000000002 0.809375 0.6093750000000002
0 0.584375 0.5265625 0.5359375 0.5265625 0.5359375 0.596875 0.584375 0.596875
4 0.609375 0.528125 0.578125 0.528125 0.578125 0.553125 0.609375 0.553125
4 0.2156250000000001 0.6671875 0.18750000000000008 0.6671875 0.18750000000000008 0.6984375 0.2156250000000001 0.6984375
4 0.5218750000000002 0.7828125 0.4859375000000002 0.7828125 0.4859375000000002 0.8125 0.5218750000000002 0.8125