7 0.3125000000000001 0.6578125 0.1609375000000001 0.6578125 0.1609375000000001 0.734375 0.3125000000000001 0.734375
7 0.5812500000000002 0.759375 0.4359375000000002 0.759375 0.4359375000000002 0.8625 0.5812500000000002 0.8625
7 0.653125 0.578125 0.5625 0.578125 0.5625 0.703125 0.653125 0.703125
7 0.659375 0.5109375 0.5265625 0.5109375 0.5265625 0.5921875 0.659375 0.5921875
7 0.8078125 0.5250000000000001 0.6703125 0.525 0.6703125 0.6234375000000001 0.8078125 0.6234375000000002
0 0.2843750000000001 0.6765625 0.24375000000000008 0.6765625 0.24375000000000008 0.7265625 0.2843750000000001 0.7265625
0 0.4750000000000002 0.778125 0.4265625000000002 0.778125 0.4265625000000002 0.846875 0.4750000000000002 0.846875
0 0.609375 0.625 0.5703125 0.625 0.5703125 0.6828125 0.609375 0.6828125
0 0.803125 0.5453125000000002 0.7515625 0.5453125000000002 0.7515625 0.6000000000000002 0.803125 0.6000000000000002
0 0.578125 0.5203125 0.5296875 0.5203125 0.5296875 0.5890625 0.578125 0.5890625
4 0.603125 0.5203125 0.571875 0.5203125 0.571875 0.546875 0.603125 0.546875
4 0.2078125000000001 0.6640625 0.17968750000000008 0.6640625 0.17968750000000008 0.696875 0.2078125000000001 0.696875
4 0.5125000000000002 0.7765625 0.47656250000000017 0.7765625 0.47656250000000017 0.80625 0.5125000000000002 0.80625