7 0.38750000000000007 0.5890625 0.23593750000000008 0.5890625 0.23593750000000008 0.6921875 0.38750000000000007 0.6921875
7 0.3765625000000001 0.496875 0.25468750000000007 0.496875 0.25468750000000007 0.56875 0.3765625000000001 0.56875
7 0.53125 0.471875 0.434375 0.471875 0.434375 0.5828125 0.53125 0.5828125
7 0.7109375 0.65625 0.5578125 0.65625 0.5578125 0.7203125 0.7109375 0.7203125
7 0.3656250000000001 0.8359375 0.2296875000000001 0.8359375 0.2296875000000001 0.9078125 0.3656250000000001 0.9078125
7 0.1937500000000001 0.6734375 0.07812500000000008 0.6734375 0.07812500000000008 0.7515625 0.1937500000000001 0.7515625
1 0.2140625000000001 0.6890625 0.07031250000000008 0.6890625 0.0703125000000001 0.834375 0.2140625000000001 0.834375
1 0.3593750000000001 0.8265625 0.18125000000000008 0.8265625 0.1812500000000001 0.9484375 0.3593750000000001 0.9484375
1 0.3625000000000001 0.696875 0.1984375000000001 0.696875 0.1984375000000001 0.8234375 0.3625000000000001 0.8234375
1 0.3656250000000001 0.5640625 0.16406250000000008 0.5640625 0.16406250000000008 0.6875 0.3656250000000001 0.6875
1 0.4265625 0.440625 0.2531250000000001 0.440625 0.2531250000000001 0.5703125 0.4265625 0.5703125
1 0.734375 0.4125000000000001 0.4140625 0.4125 0.4140625 0.6812500000000001 0.734375 0.6812500000000001
1 0.5265625 0.6703125 0.3687500000000001 0.6703125 0.3687500000000001 0.940625 0.5265625000000002 0.940625
1 0.7296875000000002 0.8234375 0.5437500000000002 0.8234375 0.5437500000000002 0.9671875 0.7296875000000002 0.9671875
5 0.7640625000000001 0.7125000000000001 0.3453125000000001 0.7125 0.3453125000000001 0.828125 0.7640625000000002 0.828125
4 0.5125 0.5234375 0.4625 0.5234375 0.4625 0.559375 0.5125 0.559375
4 0.3312500000000001 0.521875 0.2921875000000001 0.521875 0.2921875000000001 0.5546875 0.3312500000000001 0.5546875
4 0.3343750000000001 0.6421875 0.29375000000000007 0.6421875 0.29375000000000007 0.6765625 0.3343750000000001 0.6765625
4 0.63125 0.684375 0.6 0.684375 0.6 0.7109375 0.63125 0.7109375
0 0.5109375 0.471875 0.4546875 0.471875 0.4546875 0.5203125 0.5109375 0.5203125
0 0.3656250000000001 0.496875 0.31718750000000007 0.496875 0.31718750000000007 0.559375 0.3656250000000001 0.559375
0 0.3390625000000001 0.5984375 0.3046875000000001 0.5984375 0.3046875000000001 0.6390625 0.3390625000000001 0.6390625
0 0.3421875000000001 0.846875 0.3000000000000001 0.846875 0.3000000000000001 0.9015625 0.3421875000000001 0.9015625
0 0.671875 0.6546875 0.640625 0.6546875 0.640625 0.7234375 0.671875 0.7234375
0 0.16406250000000008 0.6890625 0.12500000000000008 0.6890625 0.12500000000000008 0.7140625 0.16406250000000008 0.7140625
4 0.1625000000000001 0.7125 0.11562500000000009 0.7125 0.11562500000000009 0.7328125 0.1625000000000001 0.7328125