1 0.7750000000000001 0.6718750000000001 0.34062500000000007 0.671875 0.34062500000000007 1 0.7750000000000001 1
1 0.675 0.4953125 0.4046875 0.4953125 0.4046875 0.64375 0.675 0.64375
1 0.5328125 0.3750000000000001 0.4171875 0.3750000000000001 0.4171875 0.45625 0.5328125 0.45625
1 0.5328125 0.3453125000000001 0.4296875 0.3453125000000001 0.4296875 0.37968750000000007 0.5328125 0.37968750000000007
1 0.49375 0.27812500000000007 0.440625 0.27812500000000007 0.440625 0.3390625000000001 0.49375 0.3390625000000001
2 0.20312500000000008 0.5 6.123233995736766e-17 0.5 8.362041425428021e-17 0.865625 0.20312500000000008 0.865625
2 1 0.3843750000000001 0.7734375 0.3843750000000001 0.7734375000000001 0.90625 1 0.90625
1 0.8140625 0.09531250000000008 0.5859375 0.09531250000000006 0.5859375 0.1937500000000001 0.8140625 0.1937500000000001
3 0.7953125 0.2328125000000001 0.60625 0.2328125000000001 0.60625 0.41875000000000007 0.7953125 0.4187500000000002
3 1 0.2375000000000001 0.8140625 0.2375000000000001 0.8140625 0.3750000000000001 1 0.3750000000000001
3 0.11406250000000004 0.303125 0.0015625000000000367 0.303125 0.001562500000000043 0.4046875 0.11406250000000004 0.4046875