7 0.34843750000000007 0.590625 0.1921875000000001 0.590625 0.1921875000000001 0.6953125 0.34843750000000007 0.6953125
7 0.3437500000000001 0.4984375 0.21875000000000008 0.4984375 0.21875000000000008 0.5703125 0.3437500000000001 0.5703125
7 0.5 0.475 0.4 0.475 0.4 0.5859375 0.5 0.5859375
7 0.66875 0.659375 0.5125 0.659375 0.5125 0.725 0.66875 0.725
7 0.3109375000000001 0.8375 0.17343750000000008 0.8375 0.1734375000000001 0.909375 0.3109375000000001 0.909375
7 0.15000000000000008 0.675 0.031250000000000076 0.675 0.03125000000000008 0.753125 0.15000000000000008 0.753125
1 0.1671875000000001 0.6890625 0.020312500000000084 0.6890625 0.02031250000000009 0.8359375 0.1671875000000001 0.8359375
1 0.3046875000000001 0.828125 0.1218750000000001 0.828125 0.12187500000000011 0.95 0.3046875000000001 0.95
1 0.3156250000000001 0.6984375 0.14843750000000008 0.6984375 0.14843750000000008 0.825 0.3156250000000001 0.825
1 0.3265625000000001 0.5640625 0.12343750000000009 0.5640625 0.12343750000000009 0.6890625 0.3265625000000001 0.6890625
1 0.3968750000000001 0.4421875 0.21875000000000008 0.4421875 0.21875000000000008 0.5734375 0.3968750000000001 0.5734375
1 0.703125 0.4140625 0.3750000000000001 0.4140625 0.3750000000000001 0.6859375 0.703125 0.6859375
1 0.4796875000000001 0.671875 0.3140625000000001 0.671875 0.3140625000000001 0.94375 0.47968750000000016 0.94375
1 0.6750000000000002 0.8265625 0.48437500000000017 0.8265625 0.48437500000000017 0.971875 0.6750000000000002 0.971875
5 0.7156250000000001 0.715625 0.2953125000000001 0.715625 0.2953125000000001 0.83125 0.7156250000000002 0.83125
4 0.4796875 0.5265625 0.4265625 0.5265625 0.4265625 0.5625 0.4796875 0.5625
4 0.2968750000000001 0.5234375 0.2578125000000001 0.5234375 0.2578125000000001 0.55625 0.2968750000000001 0.55625
4 0.2921875000000001 0.64375 0.2500000000000001 0.64375 0.2500000000000001 0.6796875 0.2921875000000001 0.6796875
4 0.5875 0.6890625 0.55625 0.6890625 0.55625 0.7140625 0.5875 0.7140625
0 0.48125 0.475 0.421875 0.475 0.421875 0.5234375 0.48125 0.5234375
0 0.33281250000000007 0.4984375 0.2828125000000001 0.4984375 0.2828125000000001 0.5609375 0.33281250000000007 0.5609375
0 0.3000000000000001 0.6 0.2640625000000001 0.6 0.2640625000000001 0.640625 0.3000000000000001 0.640625
0 0.28593750000000007 0.8484375 0.24375000000000008 0.8484375 0.24375000000000008 0.903125 0.28593750000000007 0.903125
0 0.6296875000000001 0.6578125 0.596875 0.6578125 0.596875 0.7265625 0.6296875000000002 0.7265625
0 0.12031250000000009 0.6890625 0.07968750000000009 0.6890625 0.07968750000000009 0.715625 0.12031250000000009 0.715625
4 0.11718750000000008 0.7140625 0.06875000000000009 0.7140625 0.06875000000000009 0.7328125 0.11718750000000008 0.7328125