1 0.31875000000000003 0.321875 3.941831884755543e-17 0.321875 6.716422289073765e-17 0.775 0.3187500000000001 0.775
1 0.49375 0.37968750000000007 0.3359375000000001 0.3796875 0.3359375000000001 0.65625 0.49375 0.65625
1 0.6125 0.3843750000000001 0.528125 0.3843750000000001 0.528125 0.5046875 0.6125 0.5046875
1 0.6421875 0.39531250000000007 0.6046875 0.39531250000000007 0.6046875 0.5 0.6421875 0.5
1 0.709375 0.403125 0.646875 0.403125 0.646875 0.459375 0.709375 0.459375
2 0.5 3.846156353572156e-17 0.128125 1.5690787114075464e-17 0.12812500000000002 0.19531250000000003 0.5 0.19531250000000006
2 0.5937500000000002 0.740625 0.06406250000000009 0.740625 0.0640625000000001 0.9953125 0.5937500000000002 0.9953125
1 0.8875 0.5390625000000002 0.7828125 0.5390625000000002 0.7828125000000001 0.7718750000000002 0.8875 0.7718750000000002
3 0.7500000000000001 0.565625 0.5578125 0.565625 0.5578125 0.7656250000000001 0.7500000000000002 0.7656250000000002
3 0.7390625000000002 0.7734375000000001 0.5953125000000001 0.7734375 0.5953125000000001 0.9671875 0.7390625000000002 0.9671875
3 0.6953125 7.883663769511086e-17 0.5921875 7.252205263700732e-17 0.5921875 0.08281250000000008 0.6953125 0.0828125000000001