7 0.4140625 0.22500000000000003 0.3125 0.225 0.31250000000000006 0.37500000000000006 0.4140625 0.3750000000000001
7 0.50625 0.2453125000000001 0.4359375 0.2453125000000001 0.4359375 0.3671875000000001 0.50625 0.3671875000000001
7 0.5328125 0.4265625 0.4234375 0.4265625 0.4234375 0.521875 0.5328125 0.521875
7 0.3500000000000001 0.546875 0.2875000000000001 0.546875 0.2875000000000001 0.6984375 0.3500000000000001 0.6984375
7 0.16718750000000004 0.215625 0.09687500000000002 0.215625 0.09687500000000003 0.35 0.16718750000000004 0.35
7 0.3265625 0.06562500000000003 0.25 0.06562500000000002 0.25 0.18125000000000005 0.3265625 0.18125000000000005
1 0.3125 0.05937500000000003 0.16875 0.059375000000000025 0.16875 0.19843750000000002 0.3125 0.19843750000000004
1 0.17500000000000002 0.1671875 0.05625000000000002 0.1671875 0.056250000000000036 0.34375 0.17500000000000004 0.34375
1 0.3046875 0.18593750000000003 0.18125000000000005 0.1859375 0.18125000000000005 0.3484375 0.3046875 0.3484375
1 0.4375 0.15468750000000003 0.3171875 0.15468750000000003 0.3171875 0.353125 0.4375 0.3531250000000001
1 0.5625 0.2453125000000001 0.434375 0.2453125000000001 0.434375 0.4171875 0.5625 0.4171875
1 0.59375 0.40625 0.3265625000000001 0.40625 0.3265625000000001 0.7234375 0.59375 0.7234375
1 0.33281250000000007 0.3578125 0.06562500000000004 0.3578125 0.06562500000000006 0.509375 0.33281250000000007 0.509375
1 0.18281250000000007 0.5296875 0.040625000000000064 0.5296875 0.04062500000000008 0.7125 0.1828125000000001 0.7125
5 0.290625 0.3328125 0.18125000000000005 0.3328125 0.18125000000000008 0.75 0.2906250000000001 0.75
4 0.4828125 0.453125 0.446875 0.453125 0.446875 0.503125 0.4828125 0.503125
4 0.4828125 0.2843750000000001 0.45 0.2843750000000001 0.45 0.3203125000000001 0.4828125 0.3203125000000001
4 0.3609375 0.28125 0.3265625 0.28125 0.3265625 0.3234375 0.3609375 0.3234375
4 0.3218750000000001 0.5875 0.2968750000000001 0.5875 0.2968750000000001 0.6203125 0.3218750000000001 0.6203125
0 0.5328125 0.446875 0.4859375 0.446875 0.4859375 0.503125 0.5328125 0.503125
0 0.50625 0.30937500000000007 0.4453125 0.30937500000000007 0.4453125 0.35625000000000007 0.50625 0.35625000000000007
0 0.40625 0.29375000000000007 0.365625 0.29375000000000007 0.365625 0.3281250000000001 0.40625 0.3281250000000001
0 0.15625000000000006 0.284375 0.10312500000000005 0.284375 0.10312500000000005 0.3265625 0.15625000000000006 0.3265625
0 0.3531250000000001 0.6296875 0.2843750000000001 0.6296875 0.2843750000000001 0.659375 0.3531250000000001 0.659375
0 0.3125 0.11250000000000004 0.2875 0.11250000000000004 0.2875 0.15156250000000004 0.3125 0.15156250000000004
4 0.2875 0.10312500000000005 0.2703125 0.10312500000000005 0.2703125 0.15000000000000005 0.2875 0.15000000000000005