10 0.39453125 0.25078125 0.1453125 0.4890625
2 0.7640625 0.92578125 0.10625 0.1484375
2 0.790625 0.8734375 0.084375 0.20625
2 0.9203125 0.36328125 0.146875 0.2140625
2 0.60546875 0.16015625 0.0828125 0.1296875
2 0.6375 0.14453125 0.034375 0.0421875
2 0.14296875 0.13359375 0.0703125 0.0609375
2 0.6765625 0.921875 0.10625 0.15625
2 0.7078125 0.9328125 0.059375 0.134375
2 0.8421875 0.58125 0.30625 0.8375
2 0.0921875 0.31640625 0.05625 0.0734375
2 0.63125 0.20625 0.06875 0.1
2 0.9328125 0.11875 0.134375 0.178125
2 0.6484375 0.27265625 0.053125 0.0484375