10 0.45390625 0.2140625 0.0671875 0.2125
2 0.18203125 0.47421875 0.0546875 0.0984375
2 0.17421875 0.27265625 0.0609375 0.0828125
2 0.20078125 0.42890625 0.0296875 0.0578125
10 0.66796875 0.10546875 0.0234375 0.0453125
2 0.18046875 0.36484375 0.0640625 0.1296875
2 0.16171875 0.53203125 0.0578125 0.0765625
2 0.9546875 0.5421875 0.075 0.096875
2 0.58828125 0.33203125 0.0484375 0.1484375
2 0.16875 0.37890625 0.0375 0.1046875
2 0.29375 0.4265625 0.078125 0.20625
2 0.29140625 0.16796875 0.0421875 0.0421875
2 0.16484375 0.31953125 0.0359375 0.0203125