10 0.4875 0.14375 0.0625 0.284375
10 0.31171875 0.64921875 0.2171875 0.6859375
10 0.546875 0.1421875 0.05 0.28125
10 0.4375 0.1453125 0.053125 0.2875
2 0.0625 0.04453125 0.103125 0.0890625
2 0.0890625 0.15703125 0.084375 0.0921875
2 0.17109375 0.52265625 0.0890625 0.1484375
2 0.328125 0.24921875 0.040625 0.0578125
11 0.18359375 0.359375 0.0421875 0.06875
2 0.1640625 0.49296875 0.065625 0.0890625
10 0.6015625 0.075 0.065625 0.14375
2 0.17578125 0.5359375 0.0703125 0.09375
2 0.984375 0.91875 0.03125 0.13125
6 0.38984375 0.8171875 0.0359375 0.075