10 0.48515625 0.14375 0.0609375 0.284375
10 0.671875 0.2890625 0.1375 0.396875
10 0.43515625 0.1453125 0.0484375 0.2875
10 0.546875 0.14140625 0.046875 0.2828125
2 0.0609375 0.04453125 0.103125 0.0890625
2 0.20390625 0.67265625 0.1671875 0.2953125
2 0.1625 0.49140625 0.06875 0.0890625
10 0.60546875 0.0671875 0.0609375 0.13125
2 0.17421875 0.5375 0.0703125 0.09375
2 0.09140625 0.15546875 0.0828125 0.0921875
6 0.6171875 0.4390625 0.028125 0.053125
2 0.86328125 0.246875 0.0921875 0.128125
2 0.328125 0.24921875 0.040625 0.0578125
2 0.84140625 0.178125 0.1203125 0.128125
10 0.6171875 0.2234375 0.08125 0.271875
2 0.38359375 0.221875 0.0390625 0.059375
2 0.253125 0.28515625 0.0875 0.0953125
11 0.18515625 0.359375 0.0484375 0.06875