10 0.62109375 0.63671875 0.2015625 0.7265625
2 0.740625 0.1234375 0.075 0.0875
2 0.7265625 0.43671875 0.065625 0.0609375
10 0.45859375 0.2875 0.0703125 0.275
2 0.74296875 0.309375 0.0671875 0.06875
2 0.734375 0.365625 0.071875 0.09375
2 0.81015625 0.7625 0.0578125 0.059375
2 0.72421875 0.50546875 0.0578125 0.0828125
10 0.553125 0.2609375 0.065625 0.228125
2 0.7296875 0.2109375 0.128125 0.134375
2 0.7375 0.159375 0.06875 0.025
2 0.7046875 0.2328125 0.0375 0.08125
2 0.68828125 0.3625 0.0515625 0.2
2 0.24921875 0.35078125 0.0421875 0.0578125
2 0.7484375 0.26484375 0.06875 0.0453125
2 0.75546875 0.2078125 0.0734375 0.071875
2 0.65390625 0.20625 0.0265625 0.0375
2 0.7265625 0.57578125 0.034375 0.0796875
2 0.9171875 0.69140625 0.125 0.4171875
2 0.7828125 0.52109375 0.0875 0.3203125
2 0.31328125 0.2 0.0671875 0.046875