10 0.428125 0.553125 0.290625 0.878125
2 0.7625 0.921875 0.103125 0.15625
2 0.790625 0.87265625 0.08125 0.2046875
2 0.92265625 0.3671875 0.1484375 0.209375
2 0.89375 0.69765625 0.2125 0.6046875
2 0.465625 0.36796875 0.05625 0.0703125
2 0.47109375 0.31484375 0.0578125 0.0609375
2 0.14296875 0.1375 0.0640625 0.05625
2 0.9125 0.21484375 0.175 0.1203125
2 0.65 0.2625 0.053125 0.065625
2 0.09375 0.31640625 0.05625 0.0734375
2 0.71015625 0.9328125 0.0640625 0.134375
2 0.62890625 0.2046875 0.0703125 0.096875
2 0.678125 0.92265625 0.10625 0.1546875
2 0.6375 0.14375 0.0375 0.040625
2 0.83515625 0.57890625 0.3265625 0.8421875