10 0.565625 0.65625 0.275 0.675
10 0.48671875 0.14140625 0.0578125 0.2828125
10 0.44140625 0.1421875 0.0546875 0.284375
10 0.546875 0.14296875 0.046875 0.2828125
10 0.61015625 0.20703125 0.0671875 0.2234375
2 0.1765625 0.53671875 0.065625 0.0921875
2 0.06328125 0.04609375 0.0984375 0.0859375
2 0.16328125 0.49140625 0.0671875 0.0890625
2 0.08984375 0.15703125 0.0828125 0.0921875
2 0.328125 0.24921875 0.040625 0.0578125
2 0.253125 0.28515625 0.0875 0.0953125
10 0.7046875 0.2140625 0.071875 0.265625
2 0.87578125 0.32890625 0.0703125 0.0640625
2 0.86328125 0.24765625 0.0921875 0.1265625
2 0.38515625 0.221875 0.0390625 0.059375
2 0.29765625 0.25625 0.0265625 0.04375
2 0.37890625 0.09453125 0.0484375 0.0515625
11 0.18515625 0.359375 0.0453125 0.06875
2 0.46640625 0.2046875 0.0203125 0.053125
2 0.20234375 0.675 0.1671875 0.2875
10 0.60390625 0.065625 0.0609375 0.125