10 0.11328125 0.67578125 0.2234375 0.6484375
2 0.084375 0.21015625 0.0875 0.1421875
2 0.19765625 0.615625 0.0859375 0.296875
2 0.203125 0.39453125 0.0625 0.0796875
2 0.19296875 0.31796875 0.0734375 0.1015625
6 0.1953125 0.7546875 0.0375 0.10625
2 0.584375 0.22421875 0.05625 0.0546875
2 0.09453125 0.275 0.0609375 0.05625
2 0.11875 0.353125 0.103125 0.20625
2 0.11875 0.4125 0.08125 0.090625
2 0.1515625 0.5 0.090625 0.15625
2 0.18671875 0.47265625 0.0390625 0.0765625
6 0.08984375 0.9453125 0.0421875 0.109375
2 0.50546875 0.09140625 0.0234375 0.0609375
11 0.3984375 0.46015625 0.078125 0.0765625