10 0.40703125 0.71640625 0.1953125 0.5609375
10 0.57421875 0.209375 0.0640625 0.2875
10 0.54296875 0.140625 0.0609375 0.278125
2 0.0671875 0.18515625 0.090625 0.1046875
2 0.1671875 0.58046875 0.08125 0.1078125
2 0.15625 0.53671875 0.078125 0.1015625
2 0.03828125 0.05625 0.0765625 0.09375
2 0.296875 0.25625 0.028125 0.04375
2 0.19296875 0.19921875 0.0796875 0.1140625
2 0.32734375 0.25234375 0.0390625 0.0515625
2 0.1890625 0.72734375 0.178125 0.3265625
2 0.8796875 0.1796875 0.05 0.059375
2 0.384375 0.21796875 0.0375 0.0546875
2 0.87421875 0.32890625 0.0796875 0.0640625
2 0.253125 0.28515625 0.0875 0.0953125
2 0.17265625 0.6125 0.0890625 0.115625