10 0.49609375 0.3703125 0.1046875 0.465625
2 0.69453125 0.6859375 0.0734375 0.115625
2 0.70078125 0.62265625 0.0765625 0.1109375
2 0.76640625 0.109375 0.1109375 0.10625
2 0.69609375 0.8328125 0.1703125 0.334375
10 0.31953125 0.26015625 0.0859375 0.2328125
2 0.18203125 0.33515625 0.0328125 0.0515625
2 0.75234375 0.44609375 0.1390625 0.3390625
2 0.759375 0.21640625 0.18125 0.1578125
2 0.21640625 0.33125 0.0453125 0.053125
2 0.2703125 0.17109375 0.05625 0.0484375
2 0.8765625 0.64375 0.115625 0.40625
2 0.07890625 0.2828125 0.0546875 0.11875
2 0.7296875 0.57421875 0.23125 0.8515625
2 0.76484375 0.55625 0.0578125 0.121875
2 0.68515625 0.6609375 0.0546875 0.06875
10 0.03203125 0.259375 0.0609375 0.0875
2 0.13359375 0.37421875 0.1015625 0.1046875
2 0.80546875 0.30703125 0.0578125 0.1203125
2 0.74765625 0.24140625 0.0890625 0.0984375