10 0.375 0.3453125 0.184375 0.296875
10 0.57734375 0.20703125 0.0671875 0.2890625
2 0.1671875 0.58203125 0.08125 0.1078125
2 0.19140625 0.72578125 0.1734375 0.3328125
2 0.0640625 0.18359375 0.090625 0.1078125
2 0.384375 0.2171875 0.0375 0.05
2 0.15 0.5390625 0.06875 0.10625
2 0.45625 0.2046875 0.04375 0.040625
2 0.1828125 0.2921875 0.046875 0.1
2 0.19140625 0.2 0.0796875 0.1125
2 0.3265625 0.24921875 0.040625 0.0578125
2 0.15234375 0.32578125 0.1140625 0.2296875
2 0.253125 0.284375 0.0875 0.09375
2 0.0421875 0.05859375 0.08125 0.0953125
2 0.88203125 0.178125 0.0515625 0.05625