10 0.10703125 0.62109375 0.2140625 0.7515625
10 0.5828125 0.2140625 0.084375 0.3125
2 0.7546875 0.590625 0.08125 0.109375
10 0.671875 0.19453125 0.09375 0.2421875
2 0.7703125 0.5359375 0.08125 0.103125
2 0.7453125 0.74453125 0.175 0.2953125
2 0.85859375 0.03125 0.1109375 0.0625
2 0.84375 0.14765625 0.19375 0.1953125
2 0.83984375 0.15625 0.0859375 0.090625
2 0.81484375 0.37109375 0.2515625 0.6296875
2 0.328125 0.24921875 0.040625 0.0578125
2 0.25234375 0.28515625 0.0859375 0.0953125
2 0.38515625 0.0984375 0.0515625 0.04375
2 0.83046875 0.3578125 0.1609375 0.3125
2 0.384375 0.22109375 0.0375 0.0609375
2 0.68671875 0.540625 0.0265625 0.078125