10 0.653125 0.5890625 0.203125 0.790625
10 0.69296875 0.12265625 0.0265625 0.0640625
2 0.27578125 0.25234375 0.0484375 0.0609375
2 0.1296875 0.665625 0.034375 0.103125
2 0.0921875 0.553125 0.05625 0.15625
2 0.13359375 0.51484375 0.0484375 0.1515625
2 0.14296875 0.609375 0.0421875 0.075
2 0.08125 0.7625 0.084375 0.1125
2 0.10546875 0.4203125 0.0890625 0.1125
2 0.08828125 0.36640625 0.0390625 0.0421875
2 0.1140625 0.51328125 0.103125 0.2984375
2 0.675 0.71796875 0.11875 0.2765625
2 0.08828125 0.490625 0.0453125 0.021875
2 0.71484375 0.35078125 0.0578125 0.0859375