10 0.34609375 0.62890625 0.2109375 0.7234375
10 0.38359375 0.225 0.0828125 0.29375
2 0.75625 0.91875 0.115625 0.1625
2 0.790625 0.8765625 0.08125 0.209375
2 0.92109375 0.3609375 0.1546875 0.2125
2 0.8921875 0.69296875 0.215625 0.6140625
2 0.6265625 0.20546875 0.065625 0.0984375
2 0.93203125 0.13203125 0.1359375 0.2109375
2 0.14453125 0.1375 0.0640625 0.053125
2 0.6359375 0.14296875 0.03125 0.0390625
2 0.65 0.2640625 0.053125 0.0625
2 0.6765625 0.921875 0.103125 0.15625
2 0.6046875 0.159375 0.084375 0.128125
10 0.44453125 0.17265625 0.0421875 0.1765625
2 0.7953125 0.55390625 0.178125 0.3453125
2 0.77890625 0.68515625 0.2109375 0.6234375
2 0.09296875 0.32109375 0.0546875 0.0640625