10 0.8671875 0.6125 0.228125 0.775
2 0.33359375 0.3171875 0.0640625 0.059375
2 0.303125 0.1890625 0.046875 0.0625
2 0.3265625 0.2546875 0.06875 0.075
10 0.728125 0.02578125 0.025 0.0484375
6 0.78203125 0.7171875 0.0484375 0.103125
2 0.30859375 0.4953125 0.1484375 0.303125
2 0.2390625 0.2765625 0.065625 0.140625
2 0.12890625 0.703125 0.0734375 0.13125
2 0.16328125 0.61328125 0.0484375 0.0515625
2 0.27890625 0.26171875 0.0765625 0.2203125
2 0.76328125 0.45546875 0.0328125 0.0671875
2 0.21640625 0.15 0.0578125 0.10625
2 0.23046875 0.06953125 0.0515625 0.0546875
2 0.22421875 0.1984375 0.0453125 0.034375
2 0.2859375 0.27578125 0.034375 0.0609375
2 0.16875 0.43359375 0.0875 0.2578125
2 0.253125 0.1203125 0.05 0.090625
2 0.2640625 0.39296875 0.06875 0.1046875
2 0.7609375 0.3234375 0.03125 0.059375
2 0.340625 0.36171875 0.053125 0.0328125
2 0.6828125 0.10078125 0.025 0.0609375