10 0.46484375 0.33203125 0.1015625 0.2640625
2 0.63828125 0.4625 0.0515625 0.209375
2 0.15546875 0.4921875 0.0984375 0.309375
2 0.178125 0.615625 0.034375 0.09375
2 0.12734375 0.7046875 0.0734375 0.115625
2 0.146875 0.39140625 0.08125 0.1015625
2 0.7453125 0.27109375 0.059375 0.0703125
2 0.13984375 0.525 0.0484375 0.121875
2 0.13984375 0.3359375 0.0234375 0.034375
10 0.721875 0.14296875 0.034375 0.0515625
2 0.17890625 0.509375 0.0578125 0.203125
2 0.1515625 0.646875 0.046875 0.1125
2 0.74375 0.36875 0.065625 0.071875
2 0.29609375 0.58828125 0.1171875 0.2140625
2 0.75859375 0.56640625 0.0390625 0.0734375