10 0.56015625 0.2453125 0.1453125 0.484375
2 0.75234375 0.58828125 0.0796875 0.1078125
2 0.7703125 0.54140625 0.08125 0.1109375
2 0.746875 0.74296875 0.178125 0.2984375
2 0.85078125 0.034375 0.1171875 0.06875
2 0.8453125 0.1359375 0.1875 0.171875
2 0.38515625 0.0984375 0.0515625 0.046875
2 0.11171875 0.50078125 0.0453125 0.0765625
2 0.25390625 0.2859375 0.0859375 0.09375
2 0.8 0.43671875 0.21875 0.4984375
2 0.82890625 0.15390625 0.0890625 0.0890625
2 0.3265625 0.2484375 0.040625 0.05625
2 0.38359375 0.21953125 0.0390625 0.0578125
2 0.8671875 0.059375 0.065625 0.025
2 0.19296875 0.19921875 0.0765625 0.1140625