10 0.2703125 0.5609375 0.209375 0.7
2 0.3046875 0.18984375 0.046875 0.0640625
2 0.3265625 0.2546875 0.06875 0.075
2 0.27421875 0.23125 0.0640625 0.159375
2 0.74140625 0.25703125 0.0609375 0.0578125
2 0.325 0.321875 0.096875 0.06875
10 0.72734375 0.02578125 0.0203125 0.0484375
2 0.23515625 0.0671875 0.0453125 0.05625
2 0.2171875 0.15 0.059375 0.10625
2 0.30078125 0.14375 0.0515625 0.046875
2 0.240625 0.27734375 0.06875 0.1390625
6 0.19765625 0.65625 0.0359375 0.053125
2 0.25859375 0.303125 0.0390625 0.090625
2 0.76171875 0.4546875 0.0328125 0.06875
2 0.7609375 0.3234375 0.03125 0.059375
2 0.22421875 0.1984375 0.0453125 0.03125
2 0.29453125 0.33046875 0.0421875 0.0734375
2 0.340625 0.36328125 0.053125 0.0359375
2 0.24921875 0.1359375 0.0296875 0.05625
2 0.25 0.1203125 0.0625 0.090625