10 0.21796875 0.22734375 0.0734375 0.2640625
10 0.459375 0.33984375 0.0875 0.3578125
10 0.62578125 0.28046875 0.0828125 0.2609375
2 0.803125 0.77734375 0.103125 0.1140625
2 0.31640625 0.16640625 0.0546875 0.0515625
2 0.82421875 0.74765625 0.0609375 0.0609375
2 0.10078125 0.27109375 0.1078125 0.1171875
2 0.096875 0.3796875 0.071875 0.121875
2 0.653125 0.6140625 0.121875 0.253125
2 0.24609375 0.48515625 0.0984375 0.2296875
2 0.775 0.29765625 0.08125 0.1078125
2 0.79296875 0.36015625 0.0609375 0.0703125
2 0.03359375 0.59140625 0.0578125 0.0703125