10 0.56796875 0.58359375 0.2171875 0.8203125
2 0.509375 0.2375 0.03125 0.1125
2 0.4984375 0.32890625 0.028125 0.0734375
2 0.4984375 0.21953125 0.053125 0.1578125
2 0.259375 0.66953125 0.040625 0.0921875
2 0.3375 0.58125 0.059375 0.053125
2 0.49140625 0.253125 0.0328125 0.09375
2 0.84609375 0.6546875 0.1421875 0.34375
2 0.02421875 0.4484375 0.0484375 0.146875
2 0.4953125 0.175 0.05 0.071875
2 0.0515625 0.55703125 0.103125 0.2140625
10 0.78203125 0.04609375 0.0265625 0.0734375
2 0.315625 0.49296875 0.0625 0.0859375
2 0.28671875 0.5828125 0.0421875 0.04375
2 0.49453125 0.13046875 0.0328125 0.0296875
10 0.7109375 0.0796875 0.040625 0.103125