10 0.465625 0.24140625 0.084375 0.3515625
2 0.25234375 0.31796875 0.0421875 0.0859375
2 0.2671875 0.30859375 0.090625 0.2328125
2 0.23828125 0.240625 0.0390625 0.065625
2 0.2875 0.37421875 0.046875 0.1015625
6 0.4984375 0.34765625 0.01875 0.0546875
10 0.465625 0.04296875 0.0375 0.0484375
2 0.30078125 0.3 0.0296875 0.046875
6 0.4515625 0.39453125 0.025 0.0515625
2 0.5828125 0.225 0.053125 0.053125
10 0.434375 0.06640625 0.03125 0.0828125
10 0.43203125 0.0453125 0.0296875 0.040625
2 0.284375 0.3140625 0.021875 0.0375