10 0.4484375 0.30859375 0.14375 0.3328125
2 0.1625 0.4921875 0.065625 0.090625
2 0.1765625 0.53828125 0.065625 0.0921875
10 0.54765625 0.1421875 0.0484375 0.284375
2 0.0625 0.04453125 0.1 0.0859375
10 0.4859375 0.1140625 0.0625 0.225
10 0.60390625 0.078125 0.0609375 0.153125
10 0.6125 0.2078125 0.06875 0.24375
2 0.384375 0.21953125 0.0375 0.0546875
2 0.08984375 0.15859375 0.0796875 0.0921875
2 0.20390625 0.67734375 0.1671875 0.2859375
10 0.43828125 0.11875 0.0484375 0.234375
10 0.69765625 0.27265625 0.0828125 0.3515625
2 0.0859375 0.13828125 0.153125 0.1484375
2 0.19453125 0.19921875 0.0734375 0.1140625