10 0.27578125 0.628125 0.1640625 0.725
6 0.27578125 0.55625 0.0390625 0.0625
10 0.0953125 0.7796875 0.1875 0.428125
10 0.5203125 0.23515625 0.059375 0.2171875
2 0.315625 0.1671875 0.053125 0.046875
6 0.165625 0.865625 0.05625 0.075
2 0.65234375 0.5953125 0.1203125 0.28125
6 0.08203125 0.63671875 0.0828125 0.1421875
2 0.1015625 0.271875 0.10625 0.115625
2 0.825 0.74921875 0.059375 0.0609375
6 0.2125 0.56171875 0.03125 0.0421875
2 0.79140625 0.36328125 0.0796875 0.0640625
10 0.62109375 0.25546875 0.0859375 0.2265625
2 0.7953125 0.7921875 0.0875 0.084375
2 0.09609375 0.35859375 0.0765625 0.1578125
2 0.7515625 0.63515625 0.040625 0.0859375