5 0.32890625 0.4640625 0.1671875 0.346875
5 0.73359375 0.565625 0.0171875 0.065625
5 0.653125 0.5578125 0.021875 0.10625
5 0.446875 0.50546875 0.0875 0.2796875
5 0.5984375 0.55078125 0.040625 0.1578125
5 0.63046875 0.55703125 0.0296875 0.1359375
5 0.71484375 0.5734375 0.0203125 0.09375
16 0.67109375 0.32421875 0.0390625 0.0453125
5 0.56171875 0.5328125 0.0578125 0.165625
5 0.5078125 0.515625 0.05625 0.2
5 0.675 0.56796875 0.028125 0.0859375
5 0.69765625 0.5703125 0.0234375 0.109375
5 0.1375 0.38515625 0.275 0.6203125