5 0.46640625 0.94140625 0.3109375 0.1171875
5 0.61875 0.89453125 0.265625 0.2109375
5 0.4953125 0.77109375 0.20625 0.1453125
5 0.28984375 0.90078125 0.2765625 0.1828125
5 0.3796875 0.82890625 0.225 0.1171875
5 0.12421875 0.2453125 0.2453125 0.1375
5 0.62578125 0.12265625 0.4828125 0.0953125
5 0.78125 0.38984375 0.0375 0.0828125
5 0.7609375 0.8359375 0.3 0.321875
5 0.8140625 0.3828125 0.0375 0.071875
5 0.915625 0.2671875 0.08125 0.065625
5 0.56171875 0.375 0.1265625 0.10625
5 0.4625 0.16015625 0.584375 0.1296875
5 0.91953125 0.33046875 0.0828125 0.0609375
5 0.115625 0.38046875 0.225 0.1328125
5 0.78828125 0.3 0.0734375 0.0875
5 0.28828125 0.58046875 0.0765625 0.1140625
5 0.778125 0.09609375 0.2 0.1296875
5 0.80625 0.2109375 0.10625 0.090625
5 0.1765625 0.21015625 0.353125 0.1328125
5 0.30234375 0.3359375 0.1015625 0.11875
5 0.28984375 0.46171875 0.0828125 0.1265625
5 0.6546875 0.71484375 0.121875 0.1296875
5 0.884375 0.7546875 0.21875 0.25625
5 0.59375 0.26640625 0.203125 0.1046875
5 0.93671875 0.09375 0.1046875 0.140625
5 0.13828125 0.51875 0.2328125 0.1375
5 0.12890625 0.6484375 0.2484375 0.134375